Sample	1.0	2.0	3.0	4.0	5.0	6.0	7.0	8.0	9.0	>10	>50	>100	>500	>1k	>5k	>10k+	1.0	2.0	3.0	4.0	5.0	6.0	7.0	8.0	9.0	1.0	2.0	3.0	4.0	5.0	6.0	7.0	8.0	9.0	1.0	2.0	3.0	4.0	5.0	6.0	7.0	8.0	9.0	1.0	2.0	3.0	4.0	5.0	6.0	7.0	8.0	9.0	1.0	2.0	3.0	4.0	5.0	6.0	7.0	8.0	9.0	1.0	2.0	3.0	4.0	5.0	6.0	7.0	8.0	9.0	1.0	2.0	3.0	4.0	5.0	6.0	7.0	8.0	9.0	1.0	2.0	3.0	4.0	5.0	6.0	7.0	8.0	9.0	1.0	2.0	3.0	4.0	5.0	6.0	7.0	8.0	9.0	1.0	2.0	3.0	4.0	5.0	6.0	7.0	8.0	9.0	1.0	2.0	3.0	4.0	5.0	6.0	7.0	8.0	9.0	1.0	2.0	3.0	4.0	5.0	6.0	7.0	8.0	9.0	1.0	2.0	3.0	4.0	5.0	6.0	7.0	8.0	9.0	1.0	2.0	3.0	4.0	5.0	6.0	7.0	8.0	9.0	1.0	2.0	3.0	4.0	5.0	6.0	7.0	8.0	9.0	1.0	2.0	3.0	4.0	5.0	6.0	7.0	8.0	9.0	1.0	2.0	3.0	4.0	5.0	6.0	7.0	8.0	9.0	1.0	2.0	3.0	4.0	5.0	6.0	7.0	8.0	9.0	1.0	2.0	3.0	4.0	5.0	6.0	7.0	8.0	9.0	1.0	2.0	3.0	4.0	5.0	6.0	7.0	8.0	9.0	1.0	2.0	3.0	4.0	5.0	6.0	7.0	8.0	9.0	1.0	2.0	3.0	4.0	5.0	6.0	7.0	8.0	9.0	1.0	2.0	3.0	4.0	5.0	6.0	7.0	8.0	9.0	1.0	2.0	3.0	4.0	5.0	6.0	7.0	8.0	9.0	1.0	2.0	3.0	4.0	5.0	6.0	7.0	8.0	9.0	1.0	2.0	3.0	4.0	5.0	6.0	7.0	8.0	9.0	1.0	2.0	3.0	4.0	5.0	6.0	7.0	8.0	9.0	1.0	2.0	3.0	4.0	5.0	6.0	7.0	8.0	9.0	1.0	2.0	3.0	4.0	5.0	6.0	7.0	8.0	9.0	1.0	2.0	3.0	4.0	5.0	6.0	7.0	8.0	9.0	1.0	2.0	3.0	4.0	5.0	6.0	7.0	8.0	9.0	1.0	2.0	3.0	4.0	5.0	6.0	7.0	8.0	9.0	1.0	2.0	3.0	4.0	5.0	6.0	7.0	8.0	9.0
CTR1_1										4.363439836004236	2.22083778049183	6.13386310536045	2.879673866595984	8.862333322637571	5.366092390218751	61.97795198564242																																																																																																																																																																																																																																																																																																									
CTR2_1										7.156243322114849	5.343594614302703	15.996106148109945	6.145827100852073	13.348830076294208	6.101513121799205	37.62538778674422																																																																																																																																																																																																																																																																																																									
CTR3_1										4.0794031182144925	2.2468575741828456	6.6517753968449975	3.556983472013368	10.12911374434873	6.1519949649387975	56.86348318450296																																																																																																																																																																																																																																																																																																									
CTR4_1										6.608431064449148	4.2081057558350885	11.518850832354524	4.692517271681723	10.582236833464094	5.610883777390168	47.93800183828967																																																																																																																																																																																																																																																																																																									
CTR5_1										5.671668470329337	3.3659075102658904	9.460126819030142	3.9675684971985885	10.155285267409072	5.615891651202032	53.32904316441621																																																																																																																																																																																																																																																																																																									
CTR6_1										3.829074677298168	2.013622654013113	6.234237243361339	3.1543547538641836	9.765070096566781	5.659879620260903	58.20248207633432																																																																																																																																																																																																																																																																																																									
GEMTX1_1										7.861642525608651	4.748282321164145	12.2696116149202	4.984103379764828	11.748218579559412	5.642679730980744	42.48047028276411																																																																																																																																																																																																																																																																																																									
GEMTX2_1										3.771760548200772	2.0921805290018347	6.537660064738518	3.242363623699024	10.285977014504832	6.034674101471023	58.877723195462615																																																																																																																																																																																																																																																																																																									
GEMTX3_1										6.628530419216262	3.826088674801021	10.03000545688593	4.156301809755475	10.950232082047332	5.761136836407245	48.44896412422964																																																																																																																																																																																																																																																																																																									
GEMTX5_1										7.4031686431710195	5.002341624963422	14.244554172882143	5.806498120992305	12.985589999500252	6.095060392602279	38.96576919800716																																																																																																																																																																																																																																																																																																									
GEMTX6_1										8.993657528850925	6.795250421191319	19.357042501734696	7.212048328737579	14.289662159681004	5.689174034783891	27.958176435403587																																																																																																																																																																																																																																																																																																									
SIM1_1										7.532136016358451	4.877194160423151	13.050647298585366	5.41493276336048	12.494561631984313	5.848187310054975	42.03741859450156																																																																																																																																																																																																																																																																																																									
SIM2_1										6.7828564084832355	4.440277892247792	12.500411987771404	5.382708482382948	12.094881616781317	5.792606854000735	43.46070377928234																																																																																																																																																																																																																																																																																																									
SIM3_1										5.119955811402527	2.7262048927467744	7.658881424198912	3.753837294021557	10.450211670217891	6.175288293184609	55.2181441504682																																																																																																																																																																																																																																																																																																									
SIM4_1										5.809844621697792	3.091595399813439	8.605640282766686	4.226165698127736	11.31246360143154	7.468864643689859	48.36733761567784																																																																																																																																																																																																																																																																																																									
SIM5_1										7.053182414401789	4.357571165240303	11.623070248466892	4.797794375146732	12.282712231913592	6.0342154891353035	43.92862735170295																																																																																																																																																																																																																																																																																																									
SIM6_1										6.527609703502107	3.8164261453798267	10.227956965165678	4.3303536919886945	11.974011720690905	5.553051089076129	47.39736680693134																																																																																																																																																																																																																																																																																																									
VPA1_1										7.859116260569627	5.546814517962889	16.309220300608548	6.594744713214655	13.524896167054218	5.466800148424625	35.55514753856696																																																																																																																																																																																																																																																																																																									
VPA2_1										7.111028143999077	3.9385008107082466	9.754404305675557	3.9917086035211393	10.687033138188843	6.082785473915216	49.20368444098243																																																																																																																																																																																																																																																																																																									
VPA3_1										5.012907587932937	2.62571916569042	7.248905127883607	3.4091639559081384	9.65703554107421	5.585719421900011	57.07563305950703																																																																																																																																																																																																																																																																																																									
VPA4_1										6.13006354796553	3.2795474120279104	8.265922909314732	3.5367506816382934	10.102806370270148	5.664392143472172	53.25707477708248																																																																																																																																																																																																																																																																																																									
VPA5_1										7.486612045714046	4.72179537799463	11.982388367106388	4.597146327782534	11.699691673120387	5.418341258005733	45.770593196483475																																																																																																																																																																																																																																																																																																									
VPA6_1										5.690789027800528	3.0665997570918497	7.816738614321044	3.5386677205996175	9.38168995016311	5.196894068107827	55.39512492579873																																																																																																																																																																																																																																																																																																									
VPASM1_1										3.5789974556123205	1.8830513056565443	5.411584901623584	2.6850474318341364	9.235078693027141	5.711823292449523	62.33790750688865																																																																																																																																																																																																																																																																																																									
VPASM2_1										7.066849371965252	5.113273184304394	15.50858592746667	6.577712306264203	14.16913275735514	6.765299659544227	34.88094789491813																																																																																																																																																																																																																																																																																																									
VPASM3_1										6.219605322360124	3.5136466186059536	9.768628011375508	4.32333008017385	11.60557695587243	6.428917003465455	47.67196939685211																																																																																																																																																																																																																																																																																																									
VPASM5_1										8.01621781229138	6.153761399101533	19.3441783929275	7.433352679121537	14.886177271178823	5.764817540445867	29.53036387774317																																																																																																																																																																																																																																																																																																									
VPASM6_1										5.761451574963376	3.113552387340575	8.326766567972683	3.5926765830735468	11.052175498738068	6.277581990440891	52.97786467406542																																																																																																																																																																																																																																																																																																									
VSGTX1_1										4.518103644798437	2.413197760155461	7.341951892219893	3.8515621442290953	11.021844212686457	6.421661489805324	52.67863530951098																																																																																																																																																																																																																																																																																																									
VSGTX2_1										3.796162275317076	2.043662013244903	5.917167396895668	2.8848605190672445	9.687078877145776	5.3959717088036605	61.753180402486386																																																																																																																																																																																																																																																																																																									
VSGTX3_1										5.5219511105335295	3.0148301574108647	7.981156534534745	3.414065262198892	10.337526829675516	5.73607492274098	55.02287482708833																																																																																																																																																																																																																																																																																																									
VSGTX4_1										4.582699404864764	2.449046812431745	7.4606028249095635	3.8289677432686164	11.227780121046592	6.535207023199019	52.995941885804285																																																																																																																																																																																																																																																																																																									
VSGTX5_1										4.403774739273508	2.4056448763495655	7.255601066529316	3.8828489574783056	11.26082413314336	6.34032840315126	52.55964183884336																																																																																																																																																																																																																																																																																																									
VSGTX6_1										3.678857861886134	2.0554088858254693	6.59048839164888	3.5048062506747946	10.80540327295778	5.977623113641155	58.46043512803163																																																																																																																																																																																																																																																																																																									
