	17.0	18.0	19.0	20.0	21.0	22.0	23.0	24.0	25.0	26.0	27.0	28.0	29.0	30.0	31.0	32.0	33.0	34.0	35.0	36.0	37.0
CTR1_1	3.0	11.0	37.0	186.0	923.0	3128.0	9551.0	23206.0	48206.0	83612.0	134064.0	196076.0	280791.0	376042.0	571338.0	1135363.0	2683453.0	4999863.0	6038985.0	7004589.0	1369102.0
	16.0	17.0	18.0	19.0	20.0	21.0	22.0	23.0	24.0	25.0	26.0	27.0	28.0	29.0	30.0	31.0	32.0	33.0	34.0	35.0	36.0	37.0
CTR2_1	6.0	10.0	47.0	129.0	549.0	1808.0	5473.0	14759.0	33192.0	66143.0	109480.0	171906.0	242831.0	340587.0	452543.0	661235.0	1223438.0	3368255.0	7156695.0	8676036.0	7896915.0	921433.0
	16.0	17.0	18.0	19.0	20.0	21.0	22.0	23.0	24.0	25.0	26.0	27.0	28.0	29.0	30.0	31.0	32.0	33.0	34.0	35.0	36.0	37.0
CTR3_1	1.0	10.0	27.0	106.0	486.0	2038.0	6553.0	19089.0	43336.0	84458.0	134091.0	204116.0	290780.0	443197.0	852848.0	2296548.0	4063955.0	5274350.0	3888184.0	2365979.0	5382129.0	1194716.0
	15.0	16.0	17.0	18.0	19.0	20.0	21.0	22.0	23.0	24.0	25.0	26.0	27.0	28.0	29.0	30.0	31.0	32.0	33.0	34.0	35.0	36.0	37.0
CTR4_1	2.0	2.0	15.0	61.0	287.0	1261.0	5208.0	16286.0	44322.0	94069.0	171165.0	264084.0	413594.0	677396.0	2147025.0	6243549.0	7764897.0	4433507.0	1433202.0	1045841.0	1007603.0	4911052.0	692185.0
	17.0	18.0	19.0	20.0	21.0	22.0	23.0	24.0	25.0	26.0	27.0	28.0	29.0	30.0	31.0	32.0	33.0	34.0	35.0	36.0	37.0
CTR5_1	5.0	17.0	84.0	458.0	2050.0	7200.0	22030.0	52797.0	108155.0	178808.0	283303.0	413586.0	667476.0	1600635.0	4253949.0	6805604.0	5949860.0	2840235.0	1357031.0	5016030.0	1064833.0
	16.0	17.0	18.0	19.0	20.0	21.0	22.0	23.0	24.0	25.0	26.0	27.0	28.0	29.0	30.0	31.0	32.0	33.0	34.0	35.0	36.0	37.0
CTR6_1	2.0	8.0	20.0	54.0	254.0	1038.0	3115.0	8389.0	20522.0	41789.0	72337.0	119145.0	174195.0	249169.0	328237.0	464492.0	731339.0	1776347.0	4463822.0	7819748.0	9555733.0	1254010.0
	16.0	17.0	18.0	19.0	20.0	21.0	22.0	23.0	24.0	25.0	26.0	27.0	28.0	29.0	30.0	31.0	32.0	33.0	34.0	35.0	36.0	37.0
GEMTX1_1	2.0	6.0	25.0	90.0	479.0	2029.0	7212.0	20775.0	47766.0	93293.0	150332.0	232557.0	337890.0	555328.0	1424184.0	3663309.0	5027649.0	3757327.0	1886486.0	1079820.0	3417098.0	696596.0
	17.0	18.0	19.0	20.0	21.0	22.0	23.0	24.0	25.0	26.0	27.0	28.0	29.0	30.0	31.0	32.0	33.0	34.0	35.0	36.0	37.0
GEMTX2_1	5.0	19.0	83.0	379.0	1624.0	5660.0	16008.0	35678.0	70292.0	113095.0	173635.0	245370.0	362601.0	622940.0	1449680.0	2797229.0	4504660.0	4355664.0	2958031.0	4065663.0	925663.0
	16.0	17.0	18.0	19.0	20.0	21.0	22.0	23.0	24.0	25.0	26.0	27.0	28.0	29.0	30.0	31.0	32.0	33.0	34.0	35.0	36.0	37.0
GEMTX3_1	1.0	13.0	23.0	64.0	315.0	1069.0	3395.0	9585.0	22581.0	47243.0	81763.0	133478.0	197017.0	284999.0	398371.0	686376.0	1592192.0	3478419.0	5164266.0	5101973.0	6356051.0	1073551.0
	16.0	17.0	18.0	19.0	20.0	21.0	22.0	23.0	24.0	25.0	26.0	27.0	28.0	29.0	30.0	31.0	32.0	33.0	34.0	35.0	36.0	37.0
GEMTX5_1	1.0	11.0	41.0	136.0	562.0	2038.0	6390.0	17518.0	39271.0	75106.0	119677.0	183782.0	258427.0	376402.0	589630.0	1428616.0	3049558.0	4517512.0	4631655.0	3677022.0	5055878.0	895967.0
	13.0	14.0	15.0	16.0	17.0	18.0	19.0	20.0	21.0	22.0	23.0	24.0	25.0	26.0	27.0	28.0	29.0	30.0	31.0	32.0	33.0	34.0	35.0	36.0	37.0
GEMTX6_1	1.0	0.0	0.0	1.0	18.0	51.0	238.0	986.0	3872.0	11759.0	32606.0	69759.0	128644.0	196659.0	296935.0	433964.0	844860.0	2825724.0	5361958.0	4968786.0	3082835.0	1768701.0	1220005.0	2666720.0	529730.0
	16.0	17.0	18.0	19.0	20.0	21.0	22.0	23.0	24.0	25.0	26.0	27.0	28.0	29.0	30.0	31.0	32.0	33.0	34.0	35.0	36.0	37.0
SIM1_1	2.0	14.0	41.0	168.0	616.0	2371.0	7223.0	19185.0	41078.0	77689.0	119959.0	177670.0	246758.0	363840.0	653321.0	1753226.0	3334480.0	4373824.0	3720679.0	2652456.0	5051087.0	1154173.0
	16.0	17.0	18.0	19.0	20.0	21.0	22.0	23.0	24.0	25.0	26.0	27.0	28.0	29.0	30.0	31.0	32.0	33.0	34.0	35.0	36.0	37.0
SIM2_1	4.0	22.0	67.0	240.0	950.0	3498.0	10239.0	27069.0	58275.0	110369.0	172849.0	260997.0	361502.0	508012.0	695554.0	1218216.0	3008640.0	5276559.0	5765331.0	5299635.0	7609383.0	1117914.0
	16.0	17.0	18.0	19.0	20.0	21.0	22.0	23.0	24.0	25.0	26.0	27.0	28.0	29.0	30.0	31.0	32.0	33.0	34.0	35.0	36.0	37.0
SIM3_1	1.0	5.0	25.0	99.0	440.0	1749.0	5544.0	16063.0	36995.0	75430.0	124492.0	193581.0	277432.0	398166.0	554933.0	1004132.0	2267692.0	4469446.0	6447643.0	6291423.0	7641583.0	1320887.0
	15.0	16.0	17.0	18.0	19.0	20.0	21.0	22.0	23.0	24.0	25.0	26.0	27.0	28.0	29.0	30.0	31.0	32.0	33.0	34.0	35.0	36.0	37.0
SIM4_1	1.0	2.0	3.0	33.0	93.0	263.0	1023.0	2989.0	8429.0	19423.0	39691.0	67783.0	108731.0	157786.0	224149.0	295908.0	413698.0	668396.0	1754611.0	4326340.0	6778614.0	7096089.0	804161.0
	16.0	17.0	18.0	19.0	20.0	21.0	22.0	23.0	24.0	25.0	26.0	27.0	28.0	29.0	30.0	31.0	32.0	33.0	34.0	35.0	36.0	37.0
SIM5_1	7.0	21.0	71.0	326.0	1431.0	5444.0	15963.0	41359.0	86485.0	156778.0	235322.0	349873.0	495148.0	834901.0	2204360.0	4795405.0	4945313.0	4227217.0	2745310.0	1728918.0	4552349.0	588468.0
	15.0	16.0	17.0	18.0	19.0	20.0	21.0	22.0	23.0	24.0	25.0	26.0	27.0	28.0	29.0	30.0	31.0	32.0	33.0	34.0	35.0	36.0	37.0
SIM6_1	1.0	4.0	12.0	35.0	107.0	442.0	1543.0	4912.0	13649.0	30242.0	59362.0	95458.0	146331.0	206516.0	296396.0	420272.0	775413.0	1816977.0	3656307.0	5148265.0	4735270.0	5296981.0	1040377.0
	16.0	17.0	18.0	19.0	20.0	21.0	22.0	23.0	24.0	25.0	26.0	27.0	28.0	29.0	30.0	31.0	32.0	33.0	34.0	35.0	36.0	37.0
VPA1_1	1.0	5.0	28.0	76.0	289.0	1160.0	3633.0	10045.0	23146.0	47194.0	80030.0	127688.0	181892.0	249831.0	323990.0	450187.0	701842.0	1889775.0	5577629.0	8122436.0	7278319.0	738032.0
	16.0	17.0	18.0	19.0	20.0	21.0	22.0	23.0	24.0	25.0	26.0	27.0	28.0	29.0	30.0	31.0	32.0	33.0	34.0	35.0	36.0	37.0
VPA2_1	1.0	2.0	12.0	71.0	259.0	1018.0	3013.0	8657.0	20099.0	40970.0	69730.0	110724.0	158112.0	221287.0	292549.0	424130.0	773174.0	2033058.0	4083873.0	5382643.0	6868643.0	959980.0
	16.0	17.0	18.0	19.0	20.0	21.0	22.0	23.0	24.0	25.0	26.0	27.0	28.0	29.0	30.0	31.0	32.0	33.0	34.0	35.0	36.0	37.0
VPA3_1	1.0	9.0	22.0	92.0	350.0	1492.0	5090.0	14567.0	33509.0	67894.0	112853.0	179423.0	263682.0	407091.0	850359.0	2336754.0	4154546.0	4379041.0	2517412.0	1438072.0	5958536.0	1547738.0
	16.0	17.0	18.0	19.0	20.0	21.0	22.0	23.0	24.0	25.0	26.0	27.0	28.0	29.0	30.0	31.0	32.0	33.0	34.0	35.0	36.0	37.0
VPA4_1	1.0	10.0	36.0	107.0	364.0	1659.0	5213.0	14780.0	33041.0	65872.0	107167.0	167638.0	242475.0	370922.0	700364.0	1810562.0	3303065.0	4310339.0	3528442.0	2524569.0	5114441.0	923171.0
	15.0	16.0	17.0	18.0	19.0	20.0	21.0	22.0	23.0	24.0	25.0	26.0	27.0	28.0	29.0	30.0	31.0	32.0	33.0	34.0	35.0	36.0	37.0
VPA5_1	1.0	0.0	12.0	40.0	104.0	408.0	1672.0	4909.0	13002.0	28261.0	54061.0	87683.0	134161.0	187462.0	265046.0	362002.0	578182.0	1202063.0	2758104.0	4633493.0	5454075.0	7535065.0	1478672.0
	16.0	17.0	18.0	19.0	20.0	21.0	22.0	23.0	24.0	25.0	26.0	27.0	28.0	29.0	30.0	31.0	32.0	33.0	34.0	35.0	36.0	37.0
VPA6_1	2.0	9.0	40.0	185.0	1023.0	4408.0	13894.0	38202.0	80940.0	147486.0	228492.0	350385.0	567544.0	2067320.0	5578257.0	5164348.0	2739330.0	832037.0	755853.0	784601.0	4939266.0	1055695.0
	16.0	17.0	18.0	19.0	20.0	21.0	22.0	23.0	24.0	25.0	26.0	27.0	28.0	29.0	30.0	31.0	32.0	33.0	34.0	35.0	36.0	37.0
VPASM1_1	1.0	1.0	4.0	52.0	242.0	1125.0	3968.0	11798.0	28686.0	60524.0	102608.0	161632.0	232093.0	340381.0	503788.0	1063900.0	2122221.0	3962681.0	4743621.0	3746817.0	4753040.0	820996.0
	14.0	15.0	16.0	17.0	18.0	19.0	20.0	21.0	22.0	23.0	24.0	25.0	26.0	27.0	28.0	29.0	30.0	31.0	32.0	33.0	34.0	35.0	36.0	37.0
VPASM2_1	1.0	0.0	2.0	19.0	61.0	228.0	902.0	3136.0	9162.0	23643.0	50528.0	95469.0	151399.0	227740.0	312124.0	428001.0	573604.0	906526.0	2041561.0	5006950.0	7321839.0	7031351.0	6300744.0	774585.0
	16.0	17.0	18.0	19.0	20.0	21.0	22.0	23.0	24.0	25.0	26.0	27.0	28.0	29.0	30.0	31.0	32.0	33.0	34.0	35.0	36.0	37.0
VPASM3_1	1.0	4.0	25.0	179.0	926.0	3931.0	12736.0	34605.0	73410.0	133455.0	204347.0	315205.0	489937.0	1510494.0	5054789.0	5665458.0	2495281.0	786503.0	654747.0	591868.0	3643542.0	921070.0
	15.0	16.0	17.0	18.0	19.0	20.0	21.0	22.0	23.0	24.0	25.0	26.0	27.0	28.0	29.0	30.0	31.0	32.0	33.0	34.0	35.0	36.0	37.0
VPASM5_1	1.0	9.0	25.0	68.0	245.0	837.0	2985.0	8471.0	22052.0	46885.0	87595.0	136634.0	204661.0	287079.0	412900.0	627899.0	1474946.0	3588868.0	5458929.0	5208918.0	3707195.0	4066794.0	783615.0
	17.0	18.0	19.0	20.0	21.0	22.0	23.0	24.0	25.0	26.0	27.0	28.0	29.0	30.0	31.0	32.0	33.0	34.0	35.0	36.0	37.0
VPASM6_1	13.0	24.0	93.0	376.0	1524.0	4956.0	13599.0	31164.0	60648.0	98043.0	151680.0	219521.0	329489.0	558539.0	1442481.0	2900112.0	4300459.0	3790963.0	2507114.0	4592423.0	1020199.0
	17.0	18.0	19.0	20.0	21.0	22.0	23.0	24.0	25.0	26.0	27.0	28.0	29.0	30.0	31.0	32.0	33.0	34.0	35.0	36.0	37.0
VSGTX1_1	3.0	39.0	98.0	399.0	1558.0	4893.0	13537.0	30718.0	60972.0	100531.0	154506.0	217429.0	309472.0	430672.0	775351.0	1871913.0	3936408.0	5546334.0	4933259.0	5358519.0	773279.0
	16.0	17.0	18.0	19.0	20.0	21.0	22.0	23.0	24.0	25.0	26.0	27.0	28.0	29.0	30.0	31.0	32.0	33.0	34.0	35.0	36.0	37.0
VSGTX2_1	2.0	6.0	22.0	55.0	268.0	1133.0	3736.0	11296.0	27566.0	57346.0	97026.0	151135.0	214714.0	306519.0	419677.0	708794.0	1602040.0	3728646.0	5522681.0	4872060.0	4533199.0	670314.0
	16.0	17.0	18.0	19.0	20.0	21.0	22.0	23.0	24.0	25.0	26.0	27.0	28.0	29.0	30.0	31.0	32.0	33.0	34.0	35.0	36.0	37.0
VSGTX3_1	2.0	3.0	20.0	63.0	303.0	1462.0	4869.0	13877.0	32739.0	66080.0	107415.0	168043.0	242902.0	364985.0	643037.0	1638522.0	3314765.0	4590597.0	3587500.0	2204037.0	4770796.0	1042244.0
	17.0	18.0	19.0	20.0	21.0	22.0	23.0	24.0	25.0	26.0	27.0	28.0	29.0	30.0	31.0	32.0	33.0	34.0	35.0	36.0	37.0
VSGTX4_1	11.0	22.0	83.0	371.0	1674.0	6036.0	17821.0	41793.0	86850.0	145430.0	234268.0	337901.0	523682.0	1210407.0	3400049.0	5709685.0	5212779.0	2384163.0	969422.0	3099922.0	686376.0
	16.0	17.0	18.0	19.0	20.0	21.0	22.0	23.0	24.0	25.0	26.0	27.0	28.0	29.0	30.0	31.0	32.0	33.0	34.0	35.0	36.0	37.0
VSGTX5_1	3.0	15.0	27.0	90.0	272.0	911.0	2882.0	8252.0	19056.0	39861.0	68202.0	111322.0	161852.0	231454.0	303723.0	417697.0	632876.0	1549791.0	4090272.0	7177303.0	8389070.0	896774.0
	16.0	17.0	18.0	19.0	20.0	21.0	22.0	23.0	24.0	25.0	26.0	27.0	28.0	29.0	30.0	31.0	32.0	33.0	34.0	35.0	36.0	37.0
VSGTX6_1	1.0	3.0	27.0	57.0	183.0	697.0	2403.0	7229.0	17808.0	38239.0	67613.0	113862.0	171103.0	246944.0	324331.0	448690.0	677096.0	1645977.0	4354644.0	8019846.0	9631463.0	1146808.0

