Sample	raw_total_sequences	filtered_sequences	sequences	is_sorted	1st_fragments	last_fragments	reads_mapped	reads_mapped_and_paired	reads_unmapped	reads_properly_paired	reads_paired	reads_duplicated	reads_MQ0	reads_QC_failed	non-primary_alignments	supplementary_alignments	total_length	total_first_fragment_length	total_last_fragment_length	bases_mapped	bases_mapped_(cigar)	bases_trimmed	bases_duplicated	mismatches	error_rate	average_length	average_first_fragment_length	average_last_fragment_length	maximum_length	maximum_first_fragment_length	maximum_last_fragment_length	average_quality	insert_size_average	insert_size_standard_deviation	inward_oriented_pairs	outward_oriented_pairs	pairs_with_other_orientation	pairs_on_different_chromosomes	percentage_of_properly_paired_reads_(%)	reads_mapped_percent	reads_mapped_and_paired_percent	reads_unmapped_percent	reads_properly_paired_percent	reads_paired_percent	reads_duplicated_percent	reads_MQ0_percent	reads_QC_failed_percent
CTR1_1_mature	8010774.0	0.0	8010774.0	1.0	8010774.0	0.0	76514.0	0.0	7934260.0	0.0	0.0	0.0	0.0	0.0	0.0	0.0	197627044.0	197627044.0	0.0	1322443.0	1322443.0	0.0	0.0	7360.0	0.005565457	24.0	25.0	0.0	40.0	40.0	0.0	36.4	0.0	0.0	0.0	0.0	0.0	0.0	0.0	0.9551386670002173	0.0	99.04486133299977	0.0	0.0	0.0	0.0	0.0
CTR1_1_mature_hairpin	7940192.0	0.0	7940192.0	1.0	7940192.0	0.0	27547.0	0.0	7912645.0	0.0	0.0	0.0	0.0	0.0	0.0	0.0	196415821.0	196415821.0	0.0	582669.0	582669.0	0.0	0.0	27793.0	0.04769947	24.0	25.0	0.0	40.0	40.0	0.0	36.4	0.0	0.0	0.0	0.0	0.0	0.0	0.0	0.34693115733221563	0.0	99.65306884266778	0.0	0.0	0.0	0.0	0.0
CTR2_1_mature	12170380.0	0.0	12170380.0	1.0	12170380.0	0.0	39832.0	0.0	12130548.0	0.0	0.0	0.0	0.0	0.0	0.0	0.0	313471861.0	313471861.0	0.0	691522.0	691522.0	0.0	0.0	15704.0	0.02270933	25.0	26.0	0.0	40.0	40.0	0.0	36.5	0.0	0.0	0.0	0.0	0.0	0.0	0.0	0.3272864117636426	0.0	99.67271358823636	0.0	0.0	0.0	0.0	0.0
CTR2_1_mature_hairpin	12136474.0	0.0	12136474.0	1.0	12136474.0	0.0	48578.0	0.0	12087896.0	0.0	0.0	0.0	0.0	0.0	0.0	0.0	312889528.0	312889528.0	0.0	963744.0	963744.0	0.0	0.0	59949.0	0.06220428	25.0	26.0	0.0	40.0	40.0	0.0	36.5	0.0	0.0	0.0	0.0	0.0	0.0	0.0	0.4002645249353313	0.0	99.59973547506466	0.0	0.0	0.0	0.0	0.0
CTR3_1_mature	6812652.0	0.0	6812652.0	1.0	6812652.0	0.0	73331.0	0.0	6739321.0	0.0	0.0	0.0	0.0	0.0	0.0	0.0	173793599.0	173793599.0	0.0	1268304.0	1268304.0	0.0	0.0	7227.0	0.005698161	25.0	26.0	0.0	40.0	40.0	0.0	36.5	0.0	0.0	0.0	0.0	0.0	0.0	0.0	1.0763943321925147	0.0	98.9236056678075	0.0	0.0	0.0	0.0	0.0
CTR3_1_mature_hairpin	6743872.0	0.0	6743872.0	1.0	6743872.0	0.0	31370.0	0.0	6712502.0	0.0	0.0	0.0	0.0	0.0	0.0	0.0	172612891.0	172612891.0	0.0	652127.0	652127.0	0.0	0.0	34327.0	0.05263852	25.0	26.0	0.0	40.0	40.0	0.0	36.5	0.0	0.0	0.0	0.0	0.0	0.0	0.0	0.4651630398678978	0.0	99.5348369601321	0.0	0.0	0.0	0.0	0.0
CTR4_1_mature	10095245.0	0.0	10095245.0	1.0	10095245.0	0.0	63182.0	0.0	10032063.0	0.0	0.0	0.0	0.0	0.0	0.0	0.0	258922316.0	258922316.0	0.0	1094309.0	1094309.0	0.0	0.0	12740.0	0.01164205	25.0	26.0	0.0	40.0	40.0	0.0	36.5	0.0	0.0	0.0	0.0	0.0	0.0	0.0	0.6258590058983214	0.0	99.37414099410168	0.0	0.0	0.0	0.0	0.0
CTR4_1_mature_hairpin	10037992.0	0.0	10037992.0	1.0	10037992.0	0.0	41828.0	0.0	9996164.0	0.0	0.0	0.0	0.0	0.0	0.0	0.0	257938824.0	257938824.0	0.0	852703.0	852703.0	0.0	0.0	48031.0	0.05632794	25.0	26.0	0.0	40.0	40.0	0.0	36.5	0.0	0.0	0.0	0.0	0.0	0.0	0.0	0.41669688519377185	0.0	99.58330311480623	0.0	0.0	0.0	0.0	0.0
CTR5_1_mature	9854140.0	0.0	9854140.0	1.0	9854140.0	0.0	75706.0	0.0	9778434.0	0.0	0.0	0.0	0.0	0.0	0.0	0.0	245507626.0	245507626.0	0.0	1310583.0	1310583.0	0.0	0.0	11596.0	0.008847971	24.0	25.0	0.0	40.0	40.0	0.0	36.4	0.0	0.0	0.0	0.0	0.0	0.0	0.0	0.7682659268084278	0.0	99.23173407319157	0.0	0.0	0.0	0.0	0.0
CTR5_1_mature_hairpin	9783459.0	0.0	9783459.0	1.0	9783459.0	0.0	33370.0	0.0	9750089.0	0.0	0.0	0.0	0.0	0.0	0.0	0.0	244291399.0	244291399.0	0.0	677316.0	677316.0	0.0	0.0	37664.0	0.05560772	24.0	25.0	0.0	40.0	40.0	0.0	36.4	0.0	0.0	0.0	0.0	0.0	0.0	0.0	0.34108590836840014	0.0	99.6589140916316	0.0	0.0	0.0	0.0	0.0
CTR6_1_mature	7993102.0	0.0	7993102.0	1.0	7993102.0	0.0	70222.0	0.0	7922880.0	0.0	0.0	0.0	0.0	0.0	0.0	0.0	206621034.0	206621034.0	0.0	1214201.0	1214201.0	0.0	0.0	12406.0	0.01021742	25.0	26.0	0.0	40.0	40.0	0.0	36.5	0.0	0.0	0.0	0.0	0.0	0.0	0.0	0.8785325146607662	0.0	99.12146748533924	0.0	0.0	0.0	0.0	0.0
CTR6_1_mature_hairpin	7927498.0	0.0	7927498.0	1.0	7927498.0	0.0	35971.0	0.0	7891527.0	0.0	0.0	0.0	0.0	0.0	0.0	0.0	205495736.0	205495736.0	0.0	783358.0	783358.0	0.0	0.0	36533.0	0.0466364	25.0	26.0	0.0	40.0	40.0	0.0	36.5	0.0	0.0	0.0	0.0	0.0	0.0	0.0	0.4537497202774444	0.0	99.54625027972256	0.0	0.0	0.0	0.0	0.0
GEMTX1_1_mature	6575629.0	0.0	6575629.0	1.0	6575629.0	0.0	54342.0	0.0	6521287.0	0.0	0.0	0.0	0.0	0.0	0.0	0.0	166387235.0	166387235.0	0.0	941205.0	941205.0	0.0	0.0	8266.0	0.008782359	25.0	25.0	0.0	40.0	40.0	0.0	36.4	0.0	0.0	0.0	0.0	0.0	0.0	0.0	0.8264152372343391	0.0	99.17358476276567	0.0	0.0	0.0	0.0	0.0
GEMTX1_1_mature_hairpin	6525462.0	0.0	6525462.0	1.0	6525462.0	0.0	28412.0	0.0	6497050.0	0.0	0.0	0.0	0.0	0.0	0.0	0.0	165524880.0	165524880.0	0.0	568167.0	568167.0	0.0	0.0	35220.0	0.06198882	25.0	25.0	0.0	40.0	40.0	0.0	36.4	0.0	0.0	0.0	0.0	0.0	0.0	0.0	0.43540212171950426	0.0	99.5645978782805	0.0	0.0	0.0	0.0	0.0
GEMTX2_1_mature	8337721.0	0.0	8337721.0	1.0	8337721.0	0.0	53538.0	0.0	8284183.0	0.0	0.0	0.0	0.0	0.0	0.0	0.0	199634402.0	199634402.0	0.0	926825.0	926825.0	0.0	0.0	5339.0	0.005760527	23.0	24.0	0.0	40.0	40.0	0.0	36.4	0.0	0.0	0.0	0.0	0.0	0.0	0.0	0.6421179120769333	0.0	99.35788208792306	0.0	0.0	0.0	0.0	0.0
GEMTX2_1_mature_hairpin	8287129.0	0.0	8287129.0	1.0	8287129.0	0.0	22457.0	0.0	8264672.0	0.0	0.0	0.0	0.0	0.0	0.0	0.0	198763516.0	198763516.0	0.0	470497.0	470497.0	0.0	0.0	23694.0	0.05035951	23.0	24.0	0.0	40.0	40.0	0.0	36.4	0.0	0.0	0.0	0.0	0.0	0.0	0.0	0.27098649001361025	0.0	99.72901350998639	0.0	0.0	0.0	0.0	0.0
GEMTX3_1_mature	7782749.0	0.0	7782749.0	1.0	7782749.0	0.0	52746.0	0.0	7730003.0	0.0	0.0	0.0	0.0	0.0	0.0	0.0	199126291.0	199126291.0	0.0	914500.0	914500.0	0.0	0.0	10336.0	0.01130235	25.0	26.0	0.0	40.0	40.0	0.0	36.5	0.0	0.0	0.0	0.0	0.0	0.0	0.0	0.6777296813760794	0.0	99.32227031862392	0.0	0.0	0.0	0.0	0.0
GEMTX3_1_mature_hairpin	7734699.0	0.0	7734699.0	1.0	7734699.0	0.0	31488.0	0.0	7703211.0	0.0	0.0	0.0	0.0	0.0	0.0	0.0	198300937.0	198300937.0	0.0	641077.0	641077.0	0.0	0.0	38573.0	0.06016906	25.0	26.0	0.0	40.0	40.0	0.0	36.5	0.0	0.0	0.0	0.0	0.0	0.0	0.0	0.40710052194662005	0.0	99.59289947805338	0.0	0.0	0.0	0.0	0.0
GEMTX5_1_mature	7817815.0	0.0	7817815.0	1.0	7817815.0	0.0	48018.0	0.0	7769797.0	0.0	0.0	0.0	0.0	0.0	0.0	0.0	201332533.0	201332533.0	0.0	832217.0	832217.0	0.0	0.0	10364.0	0.01245348	25.0	26.0	0.0	40.0	40.0	0.0	36.5	0.0	0.0	0.0	0.0	0.0	0.0	0.0	0.6142125389255182	0.0	99.38578746107449	0.0	0.0	0.0	0.0	0.0
GEMTX5_1_mature_hairpin	7774878.0	0.0	7774878.0	1.0	7774878.0	0.0	32393.0	0.0	7742485.0	0.0	0.0	0.0	0.0	0.0	0.0	0.0	200595296.0	200595296.0	0.0	645666.0	645666.0	0.0	0.0	41510.0	0.0642902	25.0	26.0	0.0	40.0	40.0	0.0	36.5	0.0	0.0	0.0	0.0	0.0	0.0	0.0	0.4166367626604559	0.0	99.58336323733954	0.0	0.0	0.0	0.0	0.0
GEMTX6_1_mature	9392935.0	0.0	9392935.0	1.0	9392935.0	0.0	30595.0	0.0	9362340.0	0.0	0.0	0.0	0.0	0.0	0.0	0.0	245040688.0	245040688.0	0.0	533152.0	533152.0	0.0	0.0	12401.0	0.02325978	26.0	26.0	0.0	40.0	40.0	0.0	36.4	0.0	0.0	0.0	0.0	0.0	0.0	0.0	0.32572353582772584	0.0	99.67427646417228	0.0	0.0	0.0	0.0	0.0
GEMTX6_1_mature_hairpin	9368314.0	0.0	9368314.0	1.0	9368314.0	0.0	46421.0	0.0	9321893.0	0.0	0.0	0.0	0.0	0.0	0.0	0.0	244618108.0	244618108.0	0.0	938958.0	938958.0	0.0	0.0	61130.0	0.06510408	26.0	26.0	0.0	40.0	40.0	0.0	36.4	0.0	0.0	0.0	0.0	0.0	0.0	0.0	0.4955107183640515	0.0	99.50448928163594	0.0	0.0	0.0	0.0	0.0
SIM1_1_mature	6655993.0	0.0	6655993.0	1.0	6655993.0	0.0	42686.0	0.0	6613307.0	0.0	0.0	0.0	0.0	0.0	0.0	0.0	171712410.0	171712410.0	0.0	738413.0	738413.0	0.0	0.0	9120.0	0.01235081	25.0	26.0	0.0	40.0	40.0	0.0	36.5	0.0	0.0	0.0	0.0	0.0	0.0	0.0	0.6413167802309888	0.0	99.358683219769	0.0	0.0	0.0	0.0	0.0
SIM1_1_mature_hairpin	6617742.0	0.0	6617742.0	1.0	6617742.0	0.0	30500.0	0.0	6587242.0	0.0	0.0	0.0	0.0	0.0	0.0	0.0	171056265.0	171056265.0	0.0	597877.0	597877.0	0.0	0.0	38484.0	0.06436776	25.0	26.0	0.0	40.0	40.0	0.0	36.5	0.0	0.0	0.0	0.0	0.0	0.0	0.0	0.46088227676449156	0.0	99.5391177232355	0.0	0.0	0.0	0.0	0.0
SIM2_1_mature	9671347.0	0.0	9671347.0	1.0	9671347.0	0.0	54220.0	0.0	9617127.0	0.0	0.0	0.0	0.0	0.0	0.0	0.0	250647831.0	250647831.0	0.0	939451.0	939451.0	0.0	0.0	10846.0	0.01154504	25.0	26.0	0.0	40.0	40.0	0.0	36.4	0.0	0.0	0.0	0.0	0.0	0.0	0.0	0.5606251125101809	0.0	99.43937488748982	0.0	0.0	0.0	0.0	0.0
SIM2_1_mature_hairpin	9622781.0	0.0	9622781.0	1.0	9622781.0	0.0	46724.0	0.0	9576057.0	0.0	0.0	0.0	0.0	0.0	0.0	0.0	249813496.0	249813496.0	0.0	932476.0	932476.0	0.0	0.0	55815.0	0.05985677	25.0	26.0	0.0	40.0	40.0	0.0	36.4	0.0	0.0	0.0	0.0	0.0	0.0	0.0	0.4855560985956139	0.0	99.51444390140438	0.0	0.0	0.0	0.0	0.0
SIM3_1_mature	6581458.0	0.0	6581458.0	1.0	6581458.0	0.0	89119.0	0.0	6492339.0	0.0	0.0	0.0	0.0	0.0	0.0	0.0	170526262.0	170526262.0	0.0	1541557.0	1541557.0	0.0	0.0	7522.0	0.004879482	25.0	26.0	0.0	40.0	40.0	0.0	36.5	0.0	0.0	0.0	0.0	0.0	0.0	0.0	1.35409205680565	0.0	98.64590794319436	0.0	0.0	0.0	0.0	0.0
SIM3_1_mature_hairpin	6497819.0	0.0	6497819.0	1.0	6497819.0	0.0	35713.0	0.0	6462106.0	0.0	0.0	0.0	0.0	0.0	0.0	0.0	169089446.0	169089446.0	0.0	720576.0	720576.0	0.0	0.0	41339.0	0.05736938	26.0	26.0	0.0	40.0	40.0	0.0	36.5	0.0	0.0	0.0	0.0	0.0	0.0	0.0	0.5496151862648067	0.0	99.4503848137352	0.0	0.0	0.0	0.0	0.0
SIM4_1_mature	5180439.0	0.0	5180439.0	1.0	5180439.0	0.0	57844.0	0.0	5122595.0	0.0	0.0	0.0	0.0	0.0	0.0	0.0	136628950.0	136628950.0	0.0	1001081.0	1001081.0	0.0	0.0	5794.0	0.005787743	26.0	26.0	0.0	40.0	40.0	0.0	36.4	0.0	0.0	0.0	0.0	0.0	0.0	0.0	1.1165849071864373	0.0	98.88341509281356	0.0	0.0	0.0	0.0	0.0
SIM4_1_mature_hairpin	5126735.0	0.0	5126735.0	1.0	5126735.0	0.0	29282.0	0.0	5097453.0	0.0	0.0	0.0	0.0	0.0	0.0	0.0	135706747.0	135706747.0	0.0	596654.0	596654.0	0.0	0.0	33730.0	0.05653192	26.0	26.0	0.0	40.0	40.0	0.0	36.4	0.0	0.0	0.0	0.0	0.0	0.0	0.0	0.5711627380779385	0.0	99.42883726192207	0.0	0.0	0.0	0.0	0.0
SIM5_1_mature	7331814.0	0.0	7331814.0	1.0	7331814.0	0.0	70319.0	0.0	7261495.0	0.0	0.0	0.0	0.0	0.0	0.0	0.0	189784479.0	189784479.0	0.0	1217303.0	1217303.0	0.0	0.0	8923.0	0.007330139	25.0	26.0	0.0	40.0	40.0	0.0	36.4	0.0	0.0	0.0	0.0	0.0	0.0	0.0	0.9590941614176247	0.0	99.04090583858238	0.0	0.0	0.0	0.0	0.0
SIM5_1_mature_hairpin	7267322.0	0.0	7267322.0	1.0	7267322.0	0.0	36057.0	0.0	7231265.0	0.0	0.0	0.0	0.0	0.0	0.0	0.0	188676826.0	188676826.0	0.0	725578.0	725578.0	0.0	0.0	40462.0	0.0557652	25.0	26.0	0.0	40.0	40.0	0.0	36.4	0.0	0.0	0.0	0.0	0.0	0.0	0.0	0.49615250294400054	0.0	99.503847497056	0.0	0.0	0.0	0.0	0.0
SIM6_1_mature	6177252.0	0.0	6177252.0	1.0	6177252.0	0.0	63115.0	0.0	6114137.0	0.0	0.0	0.0	0.0	0.0	0.0	0.0	160038371.0	160038371.0	0.0	1092069.0	1092069.0	0.0	0.0	6694.0	0.006129649	25.0	26.0	0.0	40.0	40.0	0.0	36.5	0.0	0.0	0.0	0.0	0.0	0.0	0.0	1.0217326409866394	0.0	98.97826735901336	0.0	0.0	0.0	0.0	0.0
SIM6_1_mature_hairpin	6118579.0	0.0	6118579.0	1.0	6118579.0	0.0	26994.0	0.0	6091585.0	0.0	0.0	0.0	0.0	0.0	0.0	0.0	159030164.0	159030164.0	0.0	540478.0	540478.0	0.0	0.0	30644.0	0.05669796	25.0	26.0	0.0	40.0	40.0	0.0	36.5	0.0	0.0	0.0	0.0	0.0	0.0	0.0	0.44118086895666464	0.0	99.55881913104334	0.0	0.0	0.0	0.0	0.0
VPA1_1_mature	7895186.0	0.0	7895186.0	1.0	7895186.0	0.0	52768.0	0.0	7842418.0	0.0	0.0	0.0	0.0	0.0	0.0	0.0	201009245.0	201009245.0	0.0	914199.0	914199.0	0.0	0.0	9395.0	0.01027676	25.0	25.0	0.0	40.0	40.0	0.0	36.5	0.0	0.0	0.0	0.0	0.0	0.0	0.0	0.668356641629469	0.0	99.33164335837054	0.0	0.0	0.0	0.0	0.0
VPA1_1_mature_hairpin	7847303.0	0.0	7847303.0	1.0	7847303.0	0.0	33992.0	0.0	7813311.0	0.0	0.0	0.0	0.0	0.0	0.0	0.0	200185876.0	200185876.0	0.0	663735.0	663735.0	0.0	0.0	45260.0	0.06818987	25.0	26.0	0.0	40.0	40.0	0.0	36.5	0.0	0.0	0.0	0.0	0.0	0.0	0.0	0.43316793043418866	0.0	99.56683206956582	0.0	0.0	0.0	0.0	0.0
VPA2_1_mature	7009780.0	0.0	7009780.0	1.0	7009780.0	0.0	38664.0	0.0	6971116.0	0.0	0.0	0.0	0.0	0.0	0.0	0.0	181784023.0	181784023.0	0.0	669466.0	669466.0	0.0	0.0	7571.0	0.01130901	25.0	26.0	0.0	40.0	40.0	0.0	36.5	0.0	0.0	0.0	0.0	0.0	0.0	0.0	0.5515722319388054	0.0	99.4484277680612	0.0	0.0	0.0	0.0	0.0
VPA2_1_mature_hairpin	6975300.0	0.0	6975300.0	1.0	6975300.0	0.0	32300.0	0.0	6943000.0	0.0	0.0	0.0	0.0	0.0	0.0	0.0	181193071.0	181193071.0	0.0	673035.0	673035.0	0.0	0.0	33265.0	0.04942536	25.0	26.0	0.0	40.0	40.0	0.0	36.5	0.0	0.0	0.0	0.0	0.0	0.0	0.0	0.4630625206084326	0.0	99.53693747939157	0.0	0.0	0.0	0.0	0.0
VPA3_1_mature	7214300.0	0.0	7214300.0	1.0	7214300.0	0.0	53026.0	0.0	7161274.0	0.0	0.0	0.0	0.0	0.0	0.0	0.0	184261611.0	184261611.0	0.0	917791.0	917791.0	0.0	0.0	7222.0	0.007868893	25.0	26.0	0.0	40.0	40.0	0.0	36.5	0.0	0.0	0.0	0.0	0.0	0.0	0.0	0.7350124059160279	0.0	99.26498759408398	0.0	0.0	0.0	0.0	0.0
VPA3_1_mature_hairpin	7167231.0	0.0	7167231.0	1.0	7167231.0	0.0	30733.0	0.0	7136498.0	0.0	0.0	0.0	0.0	0.0	0.0	0.0	183455691.0	183455691.0	0.0	628561.0	628561.0	0.0	0.0	31849.0	0.0506697	25.0	26.0	0.0	40.0	40.0	0.0	36.5	0.0	0.0	0.0	0.0	0.0	0.0	0.0	0.42879879272762383	0.0	99.57120120727238	0.0	0.0	0.0	0.0	0.0
VPA4_1_mature	6926646.0	0.0	6926646.0	1.0	6926646.0	0.0	49010.0	0.0	6877636.0	0.0	0.0	0.0	0.0	0.0	0.0	0.0	177730077.0	177730077.0	0.0	848086.0	848086.0	0.0	0.0	6874.0	0.00810531	25.0	26.0	0.0	40.0	40.0	0.0	36.4	0.0	0.0	0.0	0.0	0.0	0.0	0.0	0.7075574527700708	0.0	99.29244254722992	0.0	0.0	0.0	0.0	0.0
VPA4_1_mature_hairpin	6882348.0	0.0	6882348.0	1.0	6882348.0	0.0	28110.0	0.0	6854238.0	0.0	0.0	0.0	0.0	0.0	0.0	0.0	176970355.0	176970355.0	0.0	581005.0	581005.0	0.0	0.0	33009.0	0.05681362	25.0	26.0	0.0	40.0	40.0	0.0	36.4	0.0	0.0	0.0	0.0	0.0	0.0	0.0	0.4084361906721369	0.0	99.59156380932787	0.0	0.0	0.0	0.0	0.0
VPA5_1_mature	6815278.0	0.0	6815278.0	1.0	6815278.0	0.0	44830.0	0.0	6770448.0	0.0	0.0	0.0	0.0	0.0	0.0	0.0	181835266.0	181835266.0	0.0	776530.0	776530.0	0.0	0.0	7997.0	0.01029838	26.0	27.0	0.0	40.0	40.0	0.0	36.5	0.0	0.0	0.0	0.0	0.0	0.0	0.0	0.6577868136853698	0.0	99.34221318631464	0.0	0.0	0.0	0.0	0.0
VPA5_1_mature_hairpin	6776567.0	0.0	6776567.0	1.0	6776567.0	0.0	31071.0	0.0	6745496.0	0.0	0.0	0.0	0.0	0.0	0.0	0.0	181171713.0	181171713.0	0.0	614295.0	614295.0	0.0	0.0	37840.0	0.06159907	26.0	27.0	0.0	40.0	40.0	0.0	36.5	0.0	0.0	0.0	0.0	0.0	0.0	0.0	0.4585064974639814	0.0	99.54149350253601	0.0	0.0	0.0	0.0	0.0
VPA6_1_mature	8892633.0	0.0	8892633.0	1.0	8892633.0	0.0	51659.0	0.0	8840974.0	0.0	0.0	0.0	0.0	0.0	0.0	0.0	223498720.0	223498720.0	0.0	894543.0	894543.0	0.0	0.0	11530.0	0.01288926	25.0	25.0	0.0	40.0	40.0	0.0	36.4	0.0	0.0	0.0	0.0	0.0	0.0	0.0	0.5809190596305953	0.0	99.41908094036941	0.0	0.0	0.0	0.0	0.0
VPA6_1_mature_hairpin	8845079.0	0.0	8845079.0	1.0	8845079.0	0.0	29120.0	0.0	8815959.0	0.0	0.0	0.0	0.0	0.0	0.0	0.0	222681507.0	222681507.0	0.0	617165.0	617165.0	0.0	0.0	28866.0	0.04677193	25.0	25.0	0.0	40.0	40.0	0.0	36.4	0.0	0.0	0.0	0.0	0.0	0.0	0.0	0.3292226106742518	0.0	99.67077738932575	0.0	0.0	0.0	0.0	0.0
VPASM1_1_mature	8188500.0	0.0	8188500.0	1.0	8188500.0	0.0	60330.0	0.0	8128170.0	0.0	0.0	0.0	0.0	0.0	0.0	0.0	207792548.0	207792548.0	0.0	1044263.0	1044263.0	0.0	0.0	5228.0	0.005006402	25.0	25.0	0.0	40.0	40.0	0.0	36.4	0.0	0.0	0.0	0.0	0.0	0.0	0.0	0.736764975270196	0.0	99.2632350247298	0.0	0.0	0.0	0.0	0.0
VPASM1_1_mature_hairpin	8131587.0	0.0	8131587.0	1.0	8131587.0	0.0	27344.0	0.0	8104243.0	0.0	0.0	0.0	0.0	0.0	0.0	0.0	206815451.0	206815451.0	0.0	627162.0	627162.0	0.0	0.0	25472.0	0.04061471	25.0	25.0	0.0	40.0	40.0	0.0	36.4	0.0	0.0	0.0	0.0	0.0	0.0	0.0	0.33626892265925457	0.0	99.66373107734074	0.0	0.0	0.0	0.0	0.0
VPASM2_1_mature	8965946.0	0.0	8965946.0	1.0	8965946.0	0.0	52308.0	0.0	8913638.0	0.0	0.0	0.0	0.0	0.0	0.0	0.0	233896430.0	233896430.0	0.0	906275.0	906275.0	0.0	0.0	10961.0	0.01209456	26.0	26.0	0.0	40.0	40.0	0.0	36.5	0.0	0.0	0.0	0.0	0.0	0.0	0.0	0.5834074842743867	0.0	99.41659251572561	0.0	0.0	0.0	0.0	0.0
VPASM2_1_mature_hairpin	8918885.0	0.0	8918885.0	1.0	8918885.0	0.0	43976.0	0.0	8874909.0	0.0	0.0	0.0	0.0	0.0	0.0	0.0	233088338.0	233088338.0	0.0	884004.0	884004.0	0.0	0.0	54493.0	0.06164338	26.0	26.0	0.0	40.0	40.0	0.0	36.5	0.0	0.0	0.0	0.0	0.0	0.0	0.0	0.4930661175696289	0.0	99.50693388243037	0.0	0.0	0.0	0.0	0.0
VPASM3_1_mature	5395904.0	0.0	5395904.0	1.0	5395904.0	0.0	55098.0	0.0	5340806.0	0.0	0.0	0.0	0.0	0.0	0.0	0.0	139846181.0	139846181.0	0.0	953521.0	953521.0	0.0	0.0	6314.0	0.006621773	25.0	26.0	0.0	40.0	40.0	0.0	36.5	0.0	0.0	0.0	0.0	0.0	0.0	0.0	1.0211078625564873	0.0	98.97889213744351	0.0	0.0	0.0	0.0	0.0
VPASM3_1_mature_hairpin	5344739.0	0.0	5344739.0	1.0	5344739.0	0.0	29555.0	0.0	5315184.0	0.0	0.0	0.0	0.0	0.0	0.0	0.0	138967355.0	138967355.0	0.0	598931.0	598931.0	0.0	0.0	30115.0	0.05028125	26.0	26.0	0.0	40.0	40.0	0.0	36.5	0.0	0.0	0.0	0.0	0.0	0.0	0.0	0.552973681221852	0.0	99.44702631877816	0.0	0.0	0.0	0.0	0.0
VPASM5_1_mature	9174324.0	0.0	9174324.0	1.0	9174324.0	0.0	28929.0	0.0	9145395.0	0.0	0.0	0.0	0.0	0.0	0.0	0.0	240982448.0	240982448.0	0.0	503414.0	503414.0	0.0	0.0	10385.0	0.02062914	26.0	26.0	0.0	40.0	40.0	0.0	36.5	0.0	0.0	0.0	0.0	0.0	0.0	0.0	0.3153256850313985	0.0	99.6846743149686	0.0	0.0	0.0	0.0	0.0
VPASM5_1_mature_hairpin	9150461.0	0.0	9150461.0	1.0	9150461.0	0.0	42270.0	0.0	9108191.0	0.0	0.0	0.0	0.0	0.0	0.0	0.0	240571429.0	240571429.0	0.0	822836.0	822836.0	0.0	0.0	53066.0	0.06449158	26.0	26.0	0.0	40.0	40.0	0.0	36.5	0.0	0.0	0.0	0.0	0.0	0.0	0.0	0.46194393921792576	0.0	99.53805606078208	0.0	0.0	0.0	0.0	0.0
VPASM6_1_mature	5469312.0	0.0	5469312.0	1.0	5469312.0	0.0	53865.0	0.0	5415447.0	0.0	0.0	0.0	0.0	0.0	0.0	0.0	138734580.0	138734580.0	0.0	931836.0	931836.0	0.0	0.0	5240.0	0.005623307	25.0	25.0	0.0	40.0	40.0	0.0	36.5	0.0	0.0	0.0	0.0	0.0	0.0	0.0	0.984858790282946	0.0	99.01514120971704	0.0	0.0	0.0	0.0	0.0
VPASM6_1_mature_hairpin	5418921.0	0.0	5418921.0	1.0	5418921.0	0.0	21644.0	0.0	5397277.0	0.0	0.0	0.0	0.0	0.0	0.0	0.0	137868449.0	137868449.0	0.0	435142.0	435142.0	0.0	0.0	25839.0	0.05938062	25.0	25.0	0.0	40.0	40.0	0.0	36.5	0.0	0.0	0.0	0.0	0.0	0.0	0.0	0.39941530795521835	0.0	99.60058469204478	0.0	0.0	0.0	0.0	0.0
VSGTX1_1_mature	8504176.0	0.0	8504176.0	1.0	8504176.0	0.0	48760.0	0.0	8455416.0	0.0	0.0	0.0	0.0	0.0	0.0	0.0	212573018.0	212573018.0	0.0	845162.0	845162.0	0.0	0.0	8208.0	0.009711748	24.0	25.0	0.0	40.0	40.0	0.0	36.5	0.0	0.0	0.0	0.0	0.0	0.0	0.0	0.5733653677910711	0.0	99.42663463220893	0.0	0.0	0.0	0.0	0.0
VSGTX1_1_mature_hairpin	8459497.0	0.0	8459497.0	1.0	8459497.0	0.0	35730.0	0.0	8423767.0	0.0	0.0	0.0	0.0	0.0	0.0	0.0	211806034.0	211806034.0	0.0	741086.0	741086.0	0.0	0.0	42848.0	0.05781785	25.0	25.0	0.0	40.0	40.0	0.0	36.5	0.0	0.0	0.0	0.0	0.0	0.0	0.0	0.4223655378091629	0.0	99.57763446219083	0.0	0.0	0.0	0.0	0.0
VSGTX2_1_mature	10094351.0	0.0	10094351.0	1.0	10094351.0	0.0	35294.0	0.0	10059057.0	0.0	0.0	0.0	0.0	0.0	0.0	0.0	236421348.0	236421348.0	0.0	611815.0	611815.0	0.0	0.0	4380.0	0.007159027	23.0	23.0	0.0	40.0	40.0	0.0	36.4	0.0	0.0	0.0	0.0	0.0	0.0	0.0	0.3496411012456373	0.0	99.65035889875436	0.0	0.0	0.0	0.0	0.0
VSGTX2_1_mature_hairpin	10061133.0	0.0	10061133.0	1.0	10061133.0	0.0	18724.0	0.0	10042409.0	0.0	0.0	0.0	0.0	0.0	0.0	0.0	235849599.0	235849599.0	0.0	389257.0	389257.0	0.0	0.0	22262.0	0.05719101	23.0	23.0	0.0	40.0	40.0	0.0	36.4	0.0	0.0	0.0	0.0	0.0	0.0	0.0	0.1861023008044919	0.0	99.81389769919551	0.0	0.0	0.0	0.0	0.0
VSGTX3_1_mature	6124891.0	0.0	6124891.0	1.0	6124891.0	0.0	66880.0	0.0	6058011.0	0.0	0.0	0.0	0.0	0.0	0.0	0.0	153307448.0	153307448.0	0.0	1157031.0	1157031.0	0.0	0.0	7149.0	0.006178746	25.0	25.0	0.0	40.0	40.0	0.0	36.5	0.0	0.0	0.0	0.0	0.0	0.0	0.0	1.0919377993828787	0.0	98.90806220061712	0.0	0.0	0.0	0.0	0.0
VSGTX3_1_mature_hairpin	6061257.0	0.0	6061257.0	1.0	6061257.0	0.0	21434.0	0.0	6039823.0	0.0	0.0	0.0	0.0	0.0	0.0	0.0	152212469.0	152212469.0	0.0	433352.0	433352.0	0.0	0.0	23646.0	0.05456534	25.0	25.0	0.0	40.0	40.0	0.0	36.5	0.0	0.0	0.0	0.0	0.0	0.0	0.0	0.35362301911963145	0.0	99.64637698088038	0.0	0.0	0.0	0.0	0.0
VSGTX4_1_mature	9102387.0	0.0	9102387.0	1.0	9102387.0	0.0	50252.0	0.0	9052135.0	0.0	0.0	0.0	0.0	0.0	0.0	0.0	221733452.0	221733452.0	0.0	870422.0	870422.0	0.0	0.0	6757.0	0.007762901	24.0	24.0	0.0	40.0	40.0	0.0	36.5	0.0	0.0	0.0	0.0	0.0	0.0	0.0	0.5520749667092819	0.0	99.44792503329072	0.0	0.0	0.0	0.0	0.0
VSGTX4_1_mature_hairpin	9055973.0	0.0	9055973.0	1.0	9055973.0	0.0	30611.0	0.0	9025362.0	0.0	0.0	0.0	0.0	0.0	0.0	0.0	220937875.0	220937875.0	0.0	632137.0	632137.0	0.0	0.0	37962.0	0.06005344	24.0	24.0	0.0	40.0	40.0	0.0	36.5	0.0	0.0	0.0	0.0	0.0	0.0	0.0	0.3380200007221753	0.0	99.66197999927783	0.0	0.0	0.0	0.0	0.0
VSGTX5_1_mature	7082863.0	0.0	7082863.0	1.0	7082863.0	0.0	52309.0	0.0	7030554.0	0.0	0.0	0.0	0.0	0.0	0.0	0.0	182464500.0	182464500.0	0.0	905430.0	905430.0	0.0	0.0	7194.0	0.007945396	25.0	26.0	0.0	40.0	40.0	0.0	36.4	0.0	0.0	0.0	0.0	0.0	0.0	0.0	0.738529038328145	0.0	99.26147096167186	0.0	0.0	0.0	0.0	0.0
VSGTX5_1_mature_hairpin	7034432.0	0.0	7034432.0	1.0	7034432.0	0.0	33427.0	0.0	7001005.0	0.0	0.0	0.0	0.0	0.0	0.0	0.0	181633444.0	181633444.0	0.0	696062.0	696062.0	0.0	0.0	37127.0	0.05333864	25.0	26.0	0.0	40.0	40.0	0.0	36.4	0.0	0.0	0.0	0.0	0.0	0.0	0.0	0.47519117392847077	0.0	99.52480882607153	0.0	0.0	0.0	0.0	0.0
VSGTX6_1_mature	9164251.0	0.0	9164251.0	1.0	9164251.0	0.0	64741.0	0.0	9099510.0	0.0	0.0	0.0	0.0	0.0	0.0	0.0	228520876.0	228520876.0	0.0	1120135.0	1120135.0	0.0	0.0	9786.0	0.008736446	24.0	25.0	0.0	40.0	40.0	0.0	36.5	0.0	0.0	0.0	0.0	0.0	0.0	0.0	0.7064516238151923	0.0	99.2935483761848	0.0	0.0	0.0	0.0	0.0
VSGTX6_1_mature_hairpin	9103215.0	0.0	9103215.0	1.0	9103215.0	0.0	25673.0	0.0	9077542.0	0.0	0.0	0.0	0.0	0.0	0.0	0.0	227471620.0	227471620.0	0.0	531587.0	531587.0	0.0	0.0	27232.0	0.05122774	24.0	25.0	0.0	40.0	40.0	0.0	36.5	0.0	0.0	0.0	0.0	0.0	0.0	0.0	0.28202124194584	0.0	99.71797875805416	0.0	0.0	0.0	0.0	0.0
