Sample	0	1	2	3	4	5	6	7	8	9	10	11	12	13	14	15	16	17	18	19	20	21	22	23	24	25	26	27	28	29	30	31	32	33	34	35	36	37	38	39	40	41	42	43	44	45	46	47	48	49	50
CTR2_1	126204	13711	12925	6311	8618	14432	52419	117741	219884	338272	431962	493571	563698	621039	683101	627936	635717	670311	711882	812062	910425	1270321	2039018	1344612	651698	517013	467088	537560	691133	723490	911345	1021203	1494564	1013990	549607	453088	379427	355419	289286	298480	310718	248294	402249	301174	288704	475361	198540	307845	509914	1710371	3509737
CTR3_1	253948	22175	24233	10387	13704	18996	58337	163949	383228	623464	567015	449827	403847	338620	307079	277846	270156	328627	263516	254351	483893	1388811	3100353	1704788	499583	158270	135545	176593	250425	331868	707021	780539	1140736	842742	403794	261745	134066	110516	132187	137928	88704	90921	322977	144248	114976	640527	111622	99908	519498	2092392	4406516
CTR4_1	239781	23750	23262	10625	13447	20865	70551	156365	287385	428691	479021	505175	538757	547202	589026	508496	487820	513852	511192	605704	781903	1459795	2900833	1716978	601437	314945	280983	324818	426024	534914	934737	1175586	1570743	987186	452958	337600	240666	218589	183653	188809	185878	160847	378132	244003	226598	632095	158087	229863	545607	2142456	4268923
CTR5_1	185322	20008	21199	9120	12179	18720	64984	181923	389016	605677	583081	526430	508373	446649	445732	399750	373502	423123	391171	394956	589367	1418001	3123048	1776533	588728	247642	213385	315975	478818	630925	1090102	1351756	1639944	1046983	519219	336133	190189	167036	144496	154852	131250	111361	321649	162068	134805	565219	119345	141722	494141	2050758	4367781
CTR6_1	174780	20218	21381	9342	12872	18236	52545	142080	336992	569598	544148	455844	421923	354115	326682	288321	268500	275730	246899	238279	474266	1331787	2984256	1590015	471399	145746	120325	151749	174363	193683	378548	630554	1789804	1245398	840988	561021	189242	135044	180330	192282	82017	83093	288121	135740	112961	588538	114459	91667	515575	2010841	4501468
C_1	192785	20149	20193	9154	12479	19080	57948	133079	237266	335636	301894	268616	257995	227250	218292	197469	187362	235573	209524	205935	389400	1096622	2559990	1459763	441134	145672	119454	223892	404393	590566	1183846	1261013	1267398	751992	374959	283184	120156	93822	92104	94153	67641	68433	311576	132889	106656	618485	103714	90902	527847	2211920	4417274
GEMTX1_1	107300	10150	9764	4633	6552	12614	51492	145952	310155	481056	476080	450409	443274	399230	418356	372333	351728	381115	362809	367121	507362	1051013	2300483	1317234	472462	222518	202656	331392	504940	530028	796573	658550	569644	417984	286370	222920	154606	127520	118385	121839	123159	109552	297915	171566	151787	367382	105792	145994	372916	1426705	3050883
GEMTX2_1	155473	13054	12011	5535	7241	13663	50404	141790	309368	500154	431638	353124	314054	245868	230625	205581	199571	231429	200291	184892	342084	1032730	2234536	1189080	360650	111105	112481	310220	614549	901576	1719535	1277284	874163	680672	346311	240421	108043	76859	73893	88944	55437	59813	233972	107151	84474	385881	79111	72284	355628	1604312	3165014
GEMTX3_1	106905	11055	10107	4464	6142	10264	37073	110567	262517	432867	434086	400756	397070	361349	377847	334811	318444	340953	321178	331017	480169	1019502	2126168	1166184	435471	205783	184615	231115	321463	380544	876580	903426	1027274	864333	484897	313109	188054	148280	149225	157297	129453	118068	290371	179799	160326	451538	134039	154952	508866	1917682	4314690
GEMTX5_1	94782	8826	8572	4003	5261	10292	43358	128407	282132	457255	478510	479588	494009	472517	538989	468713	439873	454816	474742	501837	607977	1007831	1924346	1124129	487062	299520	268304	309488	399229	479553	790715	791994	817495	629429	368189	279956	211840	187467	181951	186717	173813	151967	311770	215236	193158	501690	145849	182338	459096	1698843	3691766
GEMTX6_1	218310	24848	18570	7774	10318	13065	40536	100828	199523	309809	381835	447285	507792	525776	630231	554053	540945	538683	606654	661247	701422	917230	1366796	943121	541628	440684	411108	467579	569853	577734	692683	731641	698202	603892	464889	376690	317556	310731	264064	259265	279956	240671	316010	282917	285193	322983	172564	254241	427395	1318270	2549762
SIM1_1	120326	10664	10201	4396	5978	11703	43997	117809	245175	389602	424527	427742	441618	427587	435609	402434	388936	443483	414486	453187	570617	1001350	1869609	1141928	448932	283395	256049	305570	381910	423805	562832	585389	637848	508456	320720	257417	206988	192380	153039	161322	157406	129660	306759	179534	150919	467867	125490	176662	515362	1908814	4142371
SIM2_1	231889	22564	18541	8452	11412	18417	62785	168393	363362	588515	626345	616584	638439	611449	599571	547394	542480	588260	536280	551835	674298	1201180	2269260	1432201	579276	352218	316282	353158	414667	464528	714511	853811	1199202	940763	647617	504021	307708	266381	225100	238086	209265	178031	374506	233573	204362	581674	172707	209189	631685	2367932	5035166
SIM3_1	192560	19088	20058	9158	12279	19561	79283	240090	562320	890584	772047	618217	532675	426375	430185	365103	337926	388955	352203	355859	617349	1651589	3906954	2256508	658937	211481	184387	246935	343372	435395	776025	692434	707232	473105	288593	209867	137777	115972	119303	125221	98806	100243	424962	215255	181745	730324	141989	162446	603209	2482724	5203096
SIM4_1	121582	11420	12195	5282	7017	11482	41730	138223	359869	631035	599140	495861	446935	371439	374869	321922	308859	343261	292404	289699	493296	1252218	2756929	1552073	473020	169186	145217	167879	192226	212941	360243	405090	683767	527037	373197	278753	142215	112993	125020	139021	95230	90004	285105	151434	134322	457949	105461	128091	410126	1621902	3542047
SIM5_1	188478	16198	16041	6674	9319	16763	69514	199700	455946	722939	681024	600140	566047	526494	580831	480077	441262	447066	456745	478412	662680	1412022	2979454	1672784	600119	305942	258310	285192	353998	394550	561638	711772	933956	539082	399564	306533	206221	178750	160762	166476	156140	135166	358387	215316	194694	544920	131664	154545	463680	1799686	3806796
SIM6_1	119174	10757	10422	4815	6949	11624	52833	147316	332753	544564	531835	469202	446673	394577	387426	342454	322061	342600	337772	352080	513855	1216828	2655741	1498933	506237	211058	173434	195159	228613	250767	369844	623432	1069202	614845	393457	298181	179277	138752	124001	131068	119877	99606	282562	147219	127994	477116	105160	129597	419298	1687122	3588750
VPA1_1	124815	13142	12770	5929	9069	16483	67746	168571	316212	468190	507185	532637	563708	561351	574048	536920	519252	560139	580194	604817	695520	1122563	2124215	1278664	573941	376378	333739	389453	487885	509895	641108	694051	816602	559560	389491	328460	252500	218115	186120	189155	186362	156953	300763	189078	160195	422314	128922	154629	398195	1521782	3277442
VPA2_1	94393	10358	9427	4601	6308	9890	31843	77143	157920	246063	271703	278822	296605	312434	310532	280929	277690	335745	293738	331675	441250	847208	1674328	1035007	365871	198570	182430	240204	300195	326480	443056	601753	1117204	797724	461191	361524	201613	169296	144819	150425	123517	106448	299718	173138	160136	452081	119334	138055	479286	1860409	3841916
VPA3_1	99543	9985	9955	4578	6393	10429	37583	107697	238332	382612	364874	316245	298620	258728	252194	224753	217928	256901	226153	229363	363323	875039	1943496	1131818	384863	153189	135984	175748	239675	347915	713449	873924	1197058	873321	463759	332392	174759	145560	126873	139961	101546	86591	282299	144609	117194	581391	135215	132674	603721	2395424	5342897
VPA4_1	128165	11898	11344	5146	7364	10566	38501	105366	237494	387813	373242	347240	334004	303579	334192	281608	262319	317537	265568	273412	427958	1061473	2216354	1271668	410291	168582	150109	242271	368509	458576	803496	814608	842777	641227	343296	250638	136186	109140	113157	115213	101130	102634	297812	190152	188960	502614	139121	171254	493160	1944286	4111228
VPA5_1	93484	8119	8230	3564	5048	9015	38249	104914	222131	344783	350852	354319	367525	380767	431710	370981	356223	373724	408287	468071	586392	1031374	1961667	1167313	457742	267748	235497	265875	326479	344861	503500	582640	674094	471567	310072	249968	204680	197737	172985	173684	180963	152482	351177	237038	226876	599907	178778	268537	621091	2269387	4806371
VPA6_1	152378	14424	12882	5701	7885	13017	46452	108084	209406	319302	323940	307990	314055	298874	306503	275424	263194	279151	282229	312861	457797	1071196	2113448	1180210	401767	186825	169298	279168	420375	575724	889361	1155485	1510677	976151	494414	375517	182136	144751	133435	143527	110012	100924	269653	155723	135771	534397	128347	167005	532551	2121913	4378007
VPASM1_1	333635	37874	29783	13271	19089	21701	47882	89730	160278	249310	234083	209506	212866	194437	178157	168633	162576	201594	175463	170406	354432	1195666	2494795	1209068	359454	117245	94255	133822	179657	352778	442450	1099612	1355844	1164799	1163222	686481	275088	116057	77974	77716	61200	87862	245881	104087	88049	313997	65825	69596	426905	1940273	3395815
VPASM2_1	144907	13402	13860	6661	9035	16084	63964	198021	464366	781745	853707	833432	835728	772325	787585	715050	696109	721767	686132	723317	898611	1487591	2804852	1745669	681088	435884	376980	402103	459038	434320	460310	579665	958351	726285	607777	503433	319157	272124	241623	259766	244118	191688	378577	234700	205518	455110	153881	208236	424169	1546515	3225239
VPASM3_1	160629	14888	14537	6093	7827	14045	52058	141509	323124	525575	507267	443775	427326	383007	372348	333660	311738	341359	312063	337430	535684	1310470	2712972	1528276	471156	189978	170611	188610	221141	252430	365484	475397	865888	485086	322838	257402	159746	131972	111909	132211	106420	87853	280665	134304	107628	413184	124258	116493	383596	1594557	3324036
VPASM5_1	88346	7802	6656	3114	4605	9013	36856	102474	222460	368852	453111	511394	566154	588835	634561	596835	583972	606568	638853	704011	786381	1132544	1765701	1130630	565679	441695	395288	430543	509928	532794	663014	671651	723121	558287	453623	394534	343106	316509	257470	266515	307054	232126	332317	245060	232599	361477	171558	333787	423935	1405156	3009057
VPASM6_1	140707	12232	10704	4622	6554	10152	39096	122107	308625	537052	502497	422082	375039	309357	299617	259252	244733	277501	239422	249044	421542	1143440	2566426	1426781	431032	143737	119887	167398	250317	354550	725562	759667	652600	468517	284177	203761	115079	85490	81555	89612	76810	73085	266776	126067	104759	379048	92005	117279	415861	1730479	3779726
VSGTX1_1	234442	23486	18939	8122	9791	15701	45134	134501	342524	573138	543223	470377	431116	358490	333239	306358	321662	393794	277395	248911	374474	959638	2112268	1249171	391621	153170	139535	225166	331205	554379	1200763	1104557	1246859	984489	576153	336100	163501	129054	126331	138890	91566	93417	256728	146632	121997	369487	108719	108834	420434	1721389	3493020
VSGTX2_1	237028	20707	12826	5585	6899	11614	37318	94876	211511	340593	305805	265926	247894	205392	193889	185336	190732	266745	179401	181362	327402	1055837	1929413	971335	300038	133952	160376	702013	1188148	1222332	1767297	1415212	891343	705841	414452	317248	118418	73440	75347	80377	60363	82719	190459	99112	91926	250457	80291	84462	377797	1698039	2861350
VSGTX3_1	104474	9683	8914	3859	5285	10298	41519	112860	230616	362058	342612	306909	293683	266263	262464	240395	231978	258945	244230	257540	465973	1187653	2853826	1450864	461621	163858	132742	166912	238721	331606	1072812	1006457	697031	465719	272880	196230	121124	97135	87239	100535	82322	76100	285973	125715	100615	513131	99646	91388	444699	1851592	3957557
VSGTX4_1	235333	23516	21192	10022	12578	18830	56281	160044	370320	586308	545123	465656	419926	346055	326601	302168	299673	358656	274153	246242	394373	1007472	2235137	1277565	398498	148986	136107	255308	499696	738667	1645624	1415611	1297472	841312	414073	264085	134387	107499	105554	118534	82689	81833	242423	122768	100983	373118	88347	85170	329701	1321420	2725656
VSGTX5_1	142931	12682	12909	5655	7452	12330	41711	138293	368197	644147	625842	510894	448609	360564	336842	298195	297070	330252	256861	237273	390944	1000170	2273294	1302828	393613	146907	128699	155611	178193	250306	525939	805505	1193099	1016906	631917	380336	164941	126556	150001	165950	88515	86646	274291	140348	112184	489343	117308	102934	445910	1840778	3933024
VSGTX6_1	112866	12259	11908	5384	7470	13836	53610	175951	424847	724012	672076	536468	459726	347655	322702	276001	268530	278939	234520	214156	360321	962538	2351311	1226090	391719	129233	103873	144985	216753	406399	1069162	1610943	1667560	1351744	628120	345405	152908	118846	121933	152468	73144	65797	265345	126427	97965	542003	107469	91337	473951	2051986	4354373
